{
 "cells": [
  {
   "cell_type": "markdown",
   "metadata": {},
   "source": [
    "# Lab | Text Generation from Shakespeare's Sonnet\n",
    "\n",
    "This notebook explores the fascinating domain of text generation using a deep learning model trained on Shakespeare's sonnets. \n",
    "\n",
    "The objective is to create a neural network capable of generating text sequences that mimic the style and language of Shakespeare.\n",
    "\n",
    "By utilizing a Recurrent Neural Network (RNN) with Long Short-Term Memory (LSTM) layers, this project aims to demonstrate how a model can learn and replicate the complex patterns of early modern English. \n",
    "\n",
    "The dataset used consists of Shakespeare's sonnets, which are preprocessed and tokenized to serve as input for the model.\n",
    "\n",
    "Throughout this notebook, you will see the steps taken to prepare the data, build and train the model, and evaluate its performance in generating text. \n",
    "\n",
    "This lab provides a hands-on approach to understanding the intricacies of natural language processing (NLP) and the potential of machine learning in creative text generation."
   ]
  },
  {
   "cell_type": "markdown",
   "metadata": {},
   "source": [
    "Let's import necessary libraries"
   ]
  },
  {
   "cell_type": "code",
   "execution_count": 2,
   "metadata": {
    "id": "BOwsuGQQY9OL",
    "tags": []
   },
   "outputs": [
    {
     "name": "stderr",
     "output_type": "stream",
     "text": [
      "2024-10-04 13:57:41.936309: E external/local_xla/xla/stream_executor/cuda/cuda_dnn.cc:9261] Unable to register cuDNN factory: Attempting to register factory for plugin cuDNN when one has already been registered\n",
      "2024-10-04 13:57:41.936385: E external/local_xla/xla/stream_executor/cuda/cuda_fft.cc:607] Unable to register cuFFT factory: Attempting to register factory for plugin cuFFT when one has already been registered\n",
      "2024-10-04 13:57:41.971934: E external/local_xla/xla/stream_executor/cuda/cuda_blas.cc:1515] Unable to register cuBLAS factory: Attempting to register factory for plugin cuBLAS when one has already been registered\n",
      "2024-10-04 13:57:42.009850: I tensorflow/core/platform/cpu_feature_guard.cc:182] This TensorFlow binary is optimized to use available CPU instructions in performance-critical operations.\n",
      "To enable the following instructions: AVX2 FMA, in other operations, rebuild TensorFlow with the appropriate compiler flags.\n",
      "2024-10-04 13:57:44.368057: W tensorflow/compiler/tf2tensorrt/utils/py_utils.cc:38] TF-TRT Warning: Could not find TensorRT\n"
     ]
    }
   ],
   "source": [
    "from tensorflow.keras.preprocessing.sequence import pad_sequences\n",
    "from tensorflow.keras.layers import Embedding, LSTM, Dense, Dropout, Bidirectional\n",
    "from tensorflow.keras.preprocessing.text import Tokenizer\n",
    "from tensorflow.keras.models import Sequential\n",
    "from tensorflow.keras.optimizers import Adam\n",
    "from tensorflow.keras import regularizers\n",
    "import tensorflow.keras.utils as ku \n",
    "import numpy as np"
   ]
  },
  {
   "cell_type": "markdown",
   "metadata": {},
   "source": [
    "Let's get the data!"
   ]
  },
  {
   "cell_type": "code",
   "execution_count": 3,
   "metadata": {
    "tags": []
   },
   "outputs": [],
   "source": [
    "import requests\n",
    "url = 'https://raw.githubusercontent.com/martin-gorner/tensorflow-rnn-shakespeare/master/shakespeare/sonnets.txt'\n",
    "resp = requests.get(url)\n",
    "with open('sonnets.txt', 'wb') as f:\n",
    "    f.write(resp.content)\n",
    "\n",
    "data = open('sonnets.txt').read()\n",
    "\n",
    "corpus = data.lower().split(\"\\n\")"
   ]
  },
  {
   "cell_type": "markdown",
   "metadata": {},
   "source": [
    "Step 1: Initialise a tokenizer and fit it on the corpus variable using .fit_on_texts"
   ]
  },
  {
   "cell_type": "code",
   "execution_count": 4,
   "metadata": {},
   "outputs": [],
   "source": [
    "# Your code here :\n",
    "tokenizer = Tokenizer()\n",
    "tokenizer.fit_on_texts(corpus)\n",
    "\n"
   ]
  },
  {
   "cell_type": "markdown",
   "metadata": {},
   "source": [
    "Step 2: Calculate the Vocabulary Size\n",
    "\n",
    "Let's figure out how many unique words are in your corpus. This will be the size of your vocabulary.\n",
    "\n",
    "Calculate the length of tokenizer.word_index, add 1 to it and store it in a variable called total_words."
   ]
  },
  {
   "cell_type": "code",
   "execution_count": 5,
   "metadata": {},
   "outputs": [],
   "source": [
    "# Your code here :\n",
    "total_words = len(tokenizer.word_index)+1"
   ]
  },
  {
   "cell_type": "markdown",
   "metadata": {},
   "source": [
    "Create an empty list called input_sequences.\n",
    "\n",
    "For each sentence in your corpus, convert the text into a sequence of integers using the tokenizer.\n",
    "Then, generate n-gram sequences from these tokens.\n",
    "\n",
    "Store the result in the list input_sequences."
   ]
  },
  {
   "cell_type": "code",
   "execution_count": null,
   "metadata": {},
   "outputs": [],
   "source": []
  },
  {
   "cell_type": "code",
   "execution_count": 6,
   "metadata": {},
   "outputs": [],
   "source": [
    "# Convert each sentence into a sequence of integers\n",
    "input_sequences = tokenizer.texts_to_sequences(corpus)"
   ]
  },
  {
   "cell_type": "code",
   "execution_count": 7,
   "metadata": {},
   "outputs": [],
   "source": [
    "# Function to generate n-grams\n",
    "def generate_n_grams(sequence, n=2):\n",
    "    n_grams = []\n",
    "    for i in range(1, len(sequence)+1):\n",
    "        for j in range(len(sequence)-i+1):\n",
    "            n_grams.append(sequence[j:j+i])\n",
    "    return n_grams\n"
   ]
  },
  {
   "cell_type": "code",
   "execution_count": 8,
   "metadata": {},
   "outputs": [],
   "source": [
    "# Your code here :\n",
    "input_sequences_2 = []\n",
    "for seq in input_sequences:\n",
    "    n_grams = generate_n_grams(seq, n=3)  # You can set n=3 or any desired n\n",
    "    input_sequences_2.extend(n_grams)"
   ]
  },
  {
   "cell_type": "code",
   "execution_count": 9,
   "metadata": {},
   "outputs": [
    {
     "data": {
      "text/plain": [
       "[[878],\n",
       " [3],\n",
       " [2],\n",
       " [313],\n",
       " [1375],\n",
       " [4],\n",
       " [3, 2],\n",
       " [2, 313],\n",
       " [313, 1375],\n",
       " [1375, 4],\n",
       " [3, 2, 313],\n",
       " [2, 313, 1375],\n",
       " [313, 1375, 4],\n",
       " [3, 2, 313, 1375],\n",
       " [2, 313, 1375, 4],\n",
       " [3, 2, 313, 1375, 4],\n",
       " [118],\n",
       " [1376],\n",
       " [878],\n",
       " [118, 1376],\n",
       " [1376, 878],\n",
       " [118, 1376, 878],\n",
       " [1377],\n",
       " [1378],\n",
       " [1379],\n",
       " [23],\n",
       " [1380],\n",
       " [1377, 1378],\n",
       " [1378, 1379],\n",
       " [1379, 23],\n",
       " [23, 1380],\n",
       " [1377, 1378, 1379],\n",
       " [1378, 1379, 23],\n",
       " [1379, 23, 1380],\n",
       " [1377, 1378, 1379, 23],\n",
       " [1378, 1379, 23, 1380],\n",
       " [1377, 1378, 1379, 23, 1380],\n",
       " [1],\n",
       " [8],\n",
       " [517],\n",
       " [1, 8],\n",
       " [8, 517],\n",
       " [1, 8, 517],\n",
       " [1381],\n",
       " [30],\n",
       " [1381, 30],\n",
       " [126],\n",
       " [186],\n",
       " [278],\n",
       " [635],\n",
       " [1382],\n",
       " [126, 186],\n",
       " [186, 278],\n",
       " [278, 635],\n",
       " [635, 1382],\n",
       " [126, 186, 278],\n",
       " [186, 278, 635],\n",
       " [278, 635, 1382],\n",
       " [126, 186, 278, 635],\n",
       " [186, 278, 635, 1382],\n",
       " [126, 186, 278, 635, 1382],\n",
       " [2],\n",
       " [98],\n",
       " [879],\n",
       " [2, 98],\n",
       " [98, 879],\n",
       " [2, 98, 879],\n",
       " [1383],\n",
       " [7],\n",
       " [1383, 7],\n",
       " [1384],\n",
       " [279],\n",
       " [1384, 279],\n",
       " [880],\n",
       " [880],\n",
       " [880, 880],\n",
       " [6],\n",
       " [34],\n",
       " [418],\n",
       " [881],\n",
       " [166],\n",
       " [214],\n",
       " [518],\n",
       " [34, 418],\n",
       " [418, 881],\n",
       " [881, 166],\n",
       " [166, 214],\n",
       " [214, 518],\n",
       " [34, 418, 881],\n",
       " [418, 881, 166],\n",
       " [881, 166, 214],\n",
       " [166, 214, 518],\n",
       " [34, 418, 881, 166],\n",
       " [418, 881, 166, 214],\n",
       " [881, 166, 214, 518],\n",
       " [34, 418, 881, 166, 214],\n",
       " [418, 881, 166, 214, 518],\n",
       " [34, 418, 881, 166, 214, 518],\n",
       " [8],\n",
       " [882],\n",
       " [135],\n",
       " [353],\n",
       " [103],\n",
       " [156],\n",
       " [199],\n",
       " [8, 882],\n",
       " [882, 135],\n",
       " [135, 353],\n",
       " [353, 103],\n",
       " [103, 156],\n",
       " [156, 199],\n",
       " [8, 882, 135],\n",
       " [882, 135, 353],\n",
       " [135, 353, 103],\n",
       " [353, 103, 156],\n",
       " [103, 156, 199],\n",
       " [8, 882, 135, 353],\n",
       " [882, 135, 353, 103],\n",
       " [135, 353, 103, 156],\n",
       " [353, 103, 156, 199],\n",
       " [8, 882, 135, 353, 103],\n",
       " [882, 135, 353, 103, 156],\n",
       " [135, 353, 103, 156, 199],\n",
       " [8, 882, 135, 353, 103, 156],\n",
       " [882, 135, 353, 103, 156, 199],\n",
       " [8, 882, 135, 353, 103, 156, 199],\n",
       " [16],\n",
       " [22],\n",
       " [2],\n",
       " [883],\n",
       " [61],\n",
       " [30],\n",
       " [48],\n",
       " [636],\n",
       " [16, 22],\n",
       " [22, 2],\n",
       " [2, 883],\n",
       " [883, 61],\n",
       " [61, 30],\n",
       " [30, 48],\n",
       " [48, 636],\n",
       " [16, 22, 2],\n",
       " [22, 2, 883],\n",
       " [2, 883, 61],\n",
       " [883, 61, 30],\n",
       " [61, 30, 48],\n",
       " [30, 48, 636],\n",
       " [16, 22, 2, 883],\n",
       " [22, 2, 883, 61],\n",
       " [2, 883, 61, 30],\n",
       " [883, 61, 30, 48],\n",
       " [61, 30, 48, 636],\n",
       " [16, 22, 2, 883, 61],\n",
       " [22, 2, 883, 61, 30],\n",
       " [2, 883, 61, 30, 48],\n",
       " [883, 61, 30, 48, 636],\n",
       " [16, 22, 2, 883, 61, 30],\n",
       " [22, 2, 883, 61, 30, 48],\n",
       " [2, 883, 61, 30, 48, 636],\n",
       " [16, 22, 2, 883, 61, 30, 48],\n",
       " [22, 2, 883, 61, 30, 48, 636],\n",
       " [16, 22, 2, 883, 61, 30, 48, 636],\n",
       " [25],\n",
       " [314],\n",
       " [637],\n",
       " [103],\n",
       " [200],\n",
       " [25],\n",
       " [280],\n",
       " [25, 314],\n",
       " [314, 637],\n",
       " [637, 103],\n",
       " [103, 200],\n",
       " [200, 25],\n",
       " [25, 280],\n",
       " [25, 314, 637],\n",
       " [314, 637, 103],\n",
       " [637, 103, 200],\n",
       " [103, 200, 25],\n",
       " [200, 25, 280],\n",
       " [25, 314, 637, 103],\n",
       " [314, 637, 103, 200],\n",
       " [637, 103, 200, 25],\n",
       " [103, 200, 25, 280],\n",
       " [25, 314, 637, 103, 200],\n",
       " [314, 637, 103, 200, 25],\n",
       " [637, 103, 200, 25, 280],\n",
       " [25, 314, 637, 103, 200, 25],\n",
       " [314, 637, 103, 200, 25, 280],\n",
       " [25, 314, 637, 103, 200, 25, 280],\n",
       " [16],\n",
       " [10],\n",
       " [884],\n",
       " [3],\n",
       " [62],\n",
       " [85],\n",
       " [215],\n",
       " [53],\n",
       " [16, 10],\n",
       " [10, 884],\n",
       " [884, 3],\n",
       " [3, 62],\n",
       " [62, 85],\n",
       " [85, 215],\n",
       " [215, 53],\n",
       " [16, 10, 884],\n",
       " [10, 884, 3],\n",
       " [884, 3, 62],\n",
       " [3, 62, 85],\n",
       " [62, 85, 215],\n",
       " [85, 215, 53],\n",
       " [16, 10, 884, 3],\n",
       " [10, 884, 3, 62],\n",
       " [884, 3, 62, 85],\n",
       " [3, 62, 85, 215],\n",
       " [62, 85, 215, 53],\n",
       " [16, 10, 884, 3, 62],\n",
       " [10, 884, 3, 62, 85],\n",
       " [884, 3, 62, 85, 215],\n",
       " [3, 62, 85, 215, 53],\n",
       " [16, 10, 884, 3, 62, 85],\n",
       " [10, 884, 3, 62, 85, 215],\n",
       " [884, 3, 62, 85, 215, 53],\n",
       " [16, 10, 884, 3, 62, 85, 215],\n",
       " [10, 884, 3, 62, 85, 215, 53],\n",
       " [16, 10, 884, 3, 62, 85, 215, 53],\n",
       " [1385],\n",
       " [9],\n",
       " [1386],\n",
       " [638],\n",
       " [11],\n",
       " [123],\n",
       " [1387],\n",
       " [1388],\n",
       " [1385, 9],\n",
       " [9, 1386],\n",
       " [1386, 638],\n",
       " [638, 11],\n",
       " [11, 123],\n",
       " [123, 1387],\n",
       " [1387, 1388],\n",
       " [1385, 9, 1386],\n",
       " [9, 1386, 638],\n",
       " [1386, 638, 11],\n",
       " [638, 11, 123],\n",
       " [11, 123, 1387],\n",
       " [123, 1387, 1388],\n",
       " [1385, 9, 1386, 638],\n",
       " [9, 1386, 638, 11],\n",
       " [1386, 638, 11, 123],\n",
       " [638, 11, 123, 1387],\n",
       " [11, 123, 1387, 1388],\n",
       " [1385, 9, 1386, 638, 11],\n",
       " [9, 1386, 638, 11, 123],\n",
       " [1386, 638, 11, 123, 1387],\n",
       " [638, 11, 123, 1387, 1388],\n",
       " [1385, 9, 1386, 638, 11, 123],\n",
       " [9, 1386, 638, 11, 123, 1387],\n",
       " [1386, 638, 11, 123, 1387, 1388],\n",
       " [1385, 9, 1386, 638, 11, 123, 1387],\n",
       " [9, 1386, 638, 11, 123, 1387, 1388],\n",
       " [1385, 9, 1386, 638, 11, 123, 1387, 1388],\n",
       " [201],\n",
       " [17],\n",
       " [1389],\n",
       " [64],\n",
       " [519],\n",
       " [202],\n",
       " [201, 17],\n",
       " [17, 1389],\n",
       " [1389, 64],\n",
       " [64, 519],\n",
       " [519, 202],\n",
       " [201, 17, 1389],\n",
       " [17, 1389, 64],\n",
       " [1389, 64, 519],\n",
       " [64, 519, 202],\n",
       " [201, 17, 1389, 64],\n",
       " [17, 1389, 64, 519],\n",
       " [1389, 64, 519, 202],\n",
       " [201, 17, 1389, 64, 519],\n",
       " [17, 1389, 64, 519, 202],\n",
       " [201, 17, 1389, 64, 519, 202],\n",
       " [119],\n",
       " [9],\n",
       " [1390],\n",
       " [3],\n",
       " [9],\n",
       " [47],\n",
       " [123],\n",
       " [136],\n",
       " [281],\n",
       " [119, 9],\n",
       " [9, 1390],\n",
       " [1390, 3],\n",
       " [3, 9],\n",
       " [9, 47],\n",
       " [47, 123],\n",
       " [123, 136],\n",
       " [136, 281],\n",
       " [119, 9, 1390],\n",
       " [9, 1390, 3],\n",
       " [1390, 3, 9],\n",
       " [3, 9, 47],\n",
       " [9, 47, 123],\n",
       " [47, 123, 136],\n",
       " [123, 136, 281],\n",
       " [119, 9, 1390, 3],\n",
       " [9, 1390, 3, 9],\n",
       " [1390, 3, 9, 47],\n",
       " [3, 9, 47, 123],\n",
       " [9, 47, 123, 136],\n",
       " [47, 123, 136, 281],\n",
       " [119, 9, 1390, 3, 9],\n",
       " [9, 1390, 3, 9, 47],\n",
       " [1390, 3, 9, 47, 123],\n",
       " [3, 9, 47, 123, 136],\n",
       " [9, 47, 123, 136, 281],\n",
       " [119, 9, 1390, 3, 9, 47],\n",
       " [9, 1390, 3, 9, 47, 123],\n",
       " [1390, 3, 9, 47, 123, 136],\n",
       " [3, 9, 47, 123, 136, 281],\n",
       " [119, 9, 1390, 3, 9, 47, 123],\n",
       " [9, 1390, 3, 9, 47, 123, 136],\n",
       " [1390, 3, 9, 47, 123, 136, 281],\n",
       " [119, 9, 1390, 3, 9, 47, 123, 136],\n",
       " [9, 1390, 3, 9, 47, 123, 136, 281],\n",
       " [119, 9, 1390, 3, 9, 47, 123, 136, 281],\n",
       " [10],\n",
       " [8],\n",
       " [54],\n",
       " [63],\n",
       " [2],\n",
       " [419],\n",
       " [315],\n",
       " [420],\n",
       " [10, 8],\n",
       " [8, 54],\n",
       " [54, 63],\n",
       " [63, 2],\n",
       " [2, 419],\n",
       " [419, 315],\n",
       " [315, 420],\n",
       " [10, 8, 54],\n",
       " [8, 54, 63],\n",
       " [54, 63, 2],\n",
       " [63, 2, 419],\n",
       " [2, 419, 315],\n",
       " [419, 315, 420],\n",
       " [10, 8, 54, 63],\n",
       " [8, 54, 63, 2],\n",
       " [54, 63, 2, 419],\n",
       " [63, 2, 419, 315],\n",
       " [2, 419, 315, 420],\n",
       " [10, 8, 54, 63, 2],\n",
       " [8, 54, 63, 2, 419],\n",
       " [54, 63, 2, 419, 315],\n",
       " [63, 2, 419, 315, 420],\n",
       " [10, 8, 54, 63, 2, 419],\n",
       " [8, 54, 63, 2, 419, 315],\n",
       " [54, 63, 2, 419, 315, 420],\n",
       " [10, 8, 54, 63, 2, 419, 315],\n",
       " [8, 54, 63, 2, 419, 315, 420],\n",
       " [10, 8, 54, 63, 2, 419, 315, 420],\n",
       " [1],\n",
       " [313],\n",
       " [1391],\n",
       " [3],\n",
       " [2],\n",
       " [1392],\n",
       " [421],\n",
       " [1, 313],\n",
       " [313, 1391],\n",
       " [1391, 3],\n",
       " [3, 2],\n",
       " [2, 1392],\n",
       " [1392, 421],\n",
       " [1, 313, 1391],\n",
       " [313, 1391, 3],\n",
       " [1391, 3, 2],\n",
       " [3, 2, 1392],\n",
       " [2, 1392, 421],\n",
       " [1, 313, 1391, 3],\n",
       " [313, 1391, 3, 2],\n",
       " [1391, 3, 2, 1392],\n",
       " [3, 2, 1392, 421],\n",
       " [1, 313, 1391, 3, 2],\n",
       " [313, 1391, 3, 2, 1392],\n",
       " [1391, 3, 2, 1392, 421],\n",
       " [1, 313, 1391, 3, 2, 1392],\n",
       " [313, 1391, 3, 2, 1392, 421],\n",
       " [1, 313, 1391, 3, 2, 1392, 421],\n",
       " [216],\n",
       " [62],\n",
       " [85],\n",
       " [885],\n",
       " [1393],\n",
       " [9],\n",
       " [886],\n",
       " [216, 62],\n",
       " [62, 85],\n",
       " [85, 885],\n",
       " [885, 1393],\n",
       " [1393, 9],\n",
       " [9, 886],\n",
       " [216, 62, 85],\n",
       " [62, 85, 885],\n",
       " [85, 885, 1393],\n",
       " [885, 1393, 9],\n",
       " [1393, 9, 886],\n",
       " [216, 62, 85, 885],\n",
       " [62, 85, 885, 1393],\n",
       " [85, 885, 1393, 9],\n",
       " [885, 1393, 9, 886],\n",
       " [216, 62, 85, 885, 1393],\n",
       " [62, 85, 885, 1393, 9],\n",
       " [85, 885, 1393, 9, 886],\n",
       " [216, 62, 85, 885, 1393, 9],\n",
       " [62, 85, 885, 1393, 9, 886],\n",
       " [216, 62, 85, 885, 1393, 9, 886],\n",
       " [1],\n",
       " [314],\n",
       " [887],\n",
       " [888],\n",
       " [316],\n",
       " [7],\n",
       " [1394],\n",
       " [1, 314],\n",
       " [314, 887],\n",
       " [887, 888],\n",
       " [888, 316],\n",
       " [316, 7],\n",
       " [7, 1394],\n",
       " [1, 314, 887],\n",
       " [314, 887, 888],\n",
       " [887, 888, 316],\n",
       " [888, 316, 7],\n",
       " [316, 7, 1394],\n",
       " [1, 314, 887, 888],\n",
       " [314, 887, 888, 316],\n",
       " [887, 888, 316, 7],\n",
       " [888, 316, 7, 1394],\n",
       " [1, 314, 887, 888, 316],\n",
       " [314, 887, 888, 316, 7],\n",
       " [887, 888, 316, 7, 1394],\n",
       " [1, 314, 887, 888, 316, 7],\n",
       " [314, 887, 888, 316, 7, 1394],\n",
       " [1, 314, 887, 888, 316, 7, 1394],\n",
       " [257],\n",
       " [2],\n",
       " [94],\n",
       " [36],\n",
       " [354],\n",
       " [29],\n",
       " [1395],\n",
       " [21],\n",
       " [257, 2],\n",
       " [2, 94],\n",
       " [94, 36],\n",
       " [36, 354],\n",
       " [354, 29],\n",
       " [29, 1395],\n",
       " [1395, 21],\n",
       " [257, 2, 94],\n",
       " [2, 94, 36],\n",
       " [94, 36, 354],\n",
       " [36, 354, 29],\n",
       " [354, 29, 1395],\n",
       " [29, 1395, 21],\n",
       " [257, 2, 94, 36],\n",
       " [2, 94, 36, 354],\n",
       " [94, 36, 354, 29],\n",
       " [36, 354, 29, 1395],\n",
       " [354, 29, 1395, 21],\n",
       " [257, 2, 94, 36, 354],\n",
       " [2, 94, 36, 354, 29],\n",
       " [94, 36, 354, 29, 1395],\n",
       " [36, 354, 29, 1395, 21],\n",
       " [257, 2, 94, 36, 354, 29],\n",
       " [2, 94, 36, 354, 29, 1395],\n",
       " [94, 36, 354, 29, 1395, 21],\n",
       " [257, 2, 94, 36, 354, 29, 1395],\n",
       " [2, 94, 36, 354, 29, 1395, 21],\n",
       " [257, 2, 94, 36, 354, 29, 1395, 21],\n",
       " [3],\n",
       " [639],\n",
       " [2],\n",
       " [419],\n",
       " [355],\n",
       " [30],\n",
       " [2],\n",
       " [640],\n",
       " [1],\n",
       " [19],\n",
       " [3, 639],\n",
       " [639, 2],\n",
       " [2, 419],\n",
       " [419, 355],\n",
       " [355, 30],\n",
       " [30, 2],\n",
       " [2, 640],\n",
       " [640, 1],\n",
       " [1, 19],\n",
       " [3, 639, 2],\n",
       " [639, 2, 419],\n",
       " [2, 419, 355],\n",
       " [419, 355, 30],\n",
       " [355, 30, 2],\n",
       " [30, 2, 640],\n",
       " [2, 640, 1],\n",
       " [640, 1, 19],\n",
       " [3, 639, 2, 419],\n",
       " [639, 2, 419, 355],\n",
       " [2, 419, 355, 30],\n",
       " [419, 355, 30, 2],\n",
       " [355, 30, 2, 640],\n",
       " [30, 2, 640, 1],\n",
       " [2, 640, 1, 19],\n",
       " [3, 639, 2, 419, 355],\n",
       " [639, 2, 419, 355, 30],\n",
       " [2, 419, 355, 30, 2],\n",
       " [419, 355, 30, 2, 640],\n",
       " [355, 30, 2, 640, 1],\n",
       " [30, 2, 640, 1, 19],\n",
       " [3, 639, 2, 419, 355, 30],\n",
       " [639, 2, 419, 355, 30, 2],\n",
       " [2, 419, 355, 30, 2, 640],\n",
       " [419, 355, 30, 2, 640, 1],\n",
       " [355, 30, 2, 640, 1, 19],\n",
       " [3, 639, 2, 419, 355, 30, 2],\n",
       " [639, 2, 419, 355, 30, 2, 640],\n",
       " [2, 419, 355, 30, 2, 640, 1],\n",
       " [419, 355, 30, 2, 640, 1, 19],\n",
       " [3, 639, 2, 419, 355, 30, 2, 640],\n",
       " [639, 2, 419, 355, 30, 2, 640, 1],\n",
       " [2, 419, 355, 30, 2, 640, 1, 19],\n",
       " [3, 639, 2, 419, 355, 30, 2, 640, 1],\n",
       " [639, 2, 419, 355, 30, 2, 640, 1, 19],\n",
       " [3, 639, 2, 419, 355, 30, 2, 640, 1, 19],\n",
       " [1396],\n",
       " [27],\n",
       " [1397],\n",
       " [889],\n",
       " [46],\n",
       " [1398],\n",
       " [9],\n",
       " [282],\n",
       " [27, 1397],\n",
       " [1397, 889],\n",
       " [889, 46],\n",
       " [46, 1398],\n",
       " [1398, 9],\n",
       " [9, 282],\n",
       " [27, 1397, 889],\n",
       " [1397, 889, 46],\n",
       " [889, 46, 1398],\n",
       " [46, 1398, 9],\n",
       " [1398, 9, 282],\n",
       " [27, 1397, 889, 46],\n",
       " [1397, 889, 46, 1398],\n",
       " [889, 46, 1398, 9],\n",
       " [46, 1398, 9, 282],\n",
       " [27, 1397, 889, 46, 1398],\n",
       " [1397, 889, 46, 1398, 9],\n",
       " [889, 46, 1398, 9, 282],\n",
       " [27, 1397, 889, 46, 1398, 9],\n",
       " [1397, 889, 46, 1398, 9, 282],\n",
       " [27, 1397, 889, 46, 1398, 9, 282],\n",
       " [1],\n",
       " [1399],\n",
       " [283],\n",
       " [1400],\n",
       " [7],\n",
       " [9],\n",
       " [135],\n",
       " [1401],\n",
       " [1, 1399],\n",
       " [1399, 283],\n",
       " [283, 1400],\n",
       " [1400, 7],\n",
       " [7, 9],\n",
       " [9, 135],\n",
       " [135, 1401],\n",
       " [1, 1399, 283],\n",
       " [1399, 283, 1400],\n",
       " [283, 1400, 7],\n",
       " [1400, 7, 9],\n",
       " [7, 9, 135],\n",
       " [9, 135, 1401],\n",
       " [1, 1399, 283, 1400],\n",
       " [1399, 283, 1400, 7],\n",
       " [283, 1400, 7, 9],\n",
       " [1400, 7, 9, 135],\n",
       " [7, 9, 135, 1401],\n",
       " [1, 1399, 283, 1400, 7],\n",
       " [1399, 283, 1400, 7, 9],\n",
       " [283, 1400, 7, 9, 135],\n",
       " [1400, 7, 9, 135, 1401],\n",
       " [1, 1399, 283, 1400, 7, 9],\n",
       " [1399, 283, 1400, 7, 9, 135],\n",
       " [283, 1400, 7, 9, 135, 1401],\n",
       " [1, 1399, 283, 1400, 7, 9, 135],\n",
       " [1399, 283, 1400, 7, 9, 135, 1401],\n",
       " [1, 1399, 283, 1400, 7, 9, 135, 1401],\n",
       " [9],\n",
       " [1402],\n",
       " [179],\n",
       " [1403],\n",
       " [20],\n",
       " [1404],\n",
       " [35],\n",
       " [63],\n",
       " [9, 1402],\n",
       " [1402, 179],\n",
       " [179, 1403],\n",
       " [1403, 20],\n",
       " [20, 1404],\n",
       " [1404, 35],\n",
       " [35, 63],\n",
       " [9, 1402, 179],\n",
       " [1402, 179, 1403],\n",
       " [179, 1403, 20],\n",
       " [1403, 20, 1404],\n",
       " [20, 1404, 35],\n",
       " [1404, 35, 63],\n",
       " [9, 1402, 179, 1403],\n",
       " [1402, 179, 1403, 20],\n",
       " [179, 1403, 20, 1404],\n",
       " [1403, 20, 1404, 35],\n",
       " [20, 1404, 35, 63],\n",
       " [9, 1402, 179, 1403, 20],\n",
       " [1402, 179, 1403, 20, 1404],\n",
       " [179, 1403, 20, 1404, 35],\n",
       " [1403, 20, 1404, 35, 63],\n",
       " [9, 1402, 179, 1403, 20, 1404],\n",
       " [1402, 179, 1403, 20, 1404, 35],\n",
       " [179, 1403, 20, 1404, 35, 63],\n",
       " [9, 1402, 179, 1403, 20, 1404, 35],\n",
       " [1402, 179, 1403, 20, 1404, 35, 63],\n",
       " [9, 1402, 179, 1403, 20, 1404, 35, 63],\n",
       " [49],\n",
       " [21],\n",
       " [17],\n",
       " [890],\n",
       " [641],\n",
       " [4],\n",
       " [891],\n",
       " [127],\n",
       " [892],\n",
       " [49, 21],\n",
       " [21, 17],\n",
       " [17, 890],\n",
       " [890, 641],\n",
       " [641, 4],\n",
       " [4, 891],\n",
       " [891, 127],\n",
       " [127, 892],\n",
       " [49, 21, 17],\n",
       " [21, 17, 890],\n",
       " [17, 890, 641],\n",
       " [890, 641, 4],\n",
       " [641, 4, 891],\n",
       " [4, 891, 127],\n",
       " [891, 127, 892],\n",
       " [49, 21, 17, 890],\n",
       " [21, 17, 890, 641],\n",
       " [17, 890, 641, 4],\n",
       " [890, 641, 4, 891],\n",
       " [641, 4, 891, 127],\n",
       " [4, 891, 127, 892],\n",
       " [49, 21, 17, 890, 641],\n",
       " [21, 17, 890, 641, 4],\n",
       " [17, 890, 641, 4, 891],\n",
       " [890, 641, 4, 891, 127],\n",
       " [641, 4, 891, 127, 892],\n",
       " [49, 21, 17, 890, 641, 4],\n",
       " [21, 17, 890, 641, 4, 891],\n",
       " [17, 890, 641, 4, 891, 127],\n",
       " [890, 641, 4, 891, 127, 892],\n",
       " [49, 21, 17, 890, 641, 4, 891],\n",
       " [21, 17, 890, 641, 4, 891, 127],\n",
       " [17, 890, 641, 4, 891, 127, 892],\n",
       " [49, 21, 17, 890, 641, 4, 891, 127],\n",
       " [21, 17, 890, 641, 4, 891, 127, 892],\n",
       " [49, 21, 17, 890, 641, 4, 891, 127, 892],\n",
       " [38],\n",
       " [81],\n",
       " [1405],\n",
       " [64],\n",
       " [23],\n",
       " [9],\n",
       " [51],\n",
       " [202],\n",
       " [38, 81],\n",
       " [81, 1405],\n",
       " [1405, 64],\n",
       " [64, 23],\n",
       " [23, 9],\n",
       " [9, 51],\n",
       " [51, 202],\n",
       " [38, 81, 1405],\n",
       " [81, 1405, 64],\n",
       " [1405, 64, 23],\n",
       " [64, 23, 9],\n",
       " [23, 9, 51],\n",
       " [9, 51, 202],\n",
       " [38, 81, 1405, 64],\n",
       " [81, 1405, 64, 23],\n",
       " [1405, 64, 23, 9],\n",
       " [64, 23, 9, 51],\n",
       " [23, 9, 51, 202],\n",
       " [38, 81, 1405, 64, 23],\n",
       " [81, 1405, 64, 23, 9],\n",
       " [1405, 64, 23, 9, 51],\n",
       " [64, 23, 9, 51, 202],\n",
       " [38, 81, 1405, 64, 23, 9],\n",
       " [81, 1405, 64, 23, 9, 51],\n",
       " [1405, 64, 23, 9, 51, 202],\n",
       " [38, 81, 1405, 64, 23, 9, 51],\n",
       " [81, 1405, 64, 23, 9, 51, 202],\n",
       " [38, 81, 1405, 64, 23, 9, 51, 202],\n",
       " [64],\n",
       " [23],\n",
       " [2],\n",
       " [258],\n",
       " [4],\n",
       " [9],\n",
       " [893],\n",
       " [145],\n",
       " [64, 23],\n",
       " [23, 2],\n",
       " [2, 258],\n",
       " [258, 4],\n",
       " [4, 9],\n",
       " [9, 893],\n",
       " [893, 145],\n",
       " [64, 23, 2],\n",
       " [23, 2, 258],\n",
       " [2, 258, 4],\n",
       " [258, 4, 9],\n",
       " [4, 9, 893],\n",
       " [9, 893, 145],\n",
       " [64, 23, 2, 258],\n",
       " [23, 2, 258, 4],\n",
       " [2, 258, 4, 9],\n",
       " [258, 4, 9, 893],\n",
       " [4, 9, 893, 145],\n",
       " [64, 23, 2, 258, 4],\n",
       " [23, 2, 258, 4, 9],\n",
       " [2, 258, 4, 9, 893],\n",
       " [258, 4, 9, 893, 145],\n",
       " [64, 23, 2, 258, 4, 9],\n",
       " [23, 2, 258, 4, 9, 893],\n",
       " [2, 258, 4, 9, 893, 145],\n",
       " [64, 23, 2, 258, 4, 9, 893],\n",
       " [23, 2, 258, 4, 9, 893, 145],\n",
       " [64, 23, 2, 258, 4, 9, 893, 145],\n",
       " [3],\n",
       " [95],\n",
       " [216],\n",
       " [62],\n",
       " [85],\n",
       " [283],\n",
       " [1406],\n",
       " [53],\n",
       " [3, 95],\n",
       " [95, 216],\n",
       " [216, 62],\n",
       " [62, 85],\n",
       " [85, 283],\n",
       " [283, 1406],\n",
       " [1406, 53],\n",
       " [3, 95, 216],\n",
       " [95, 216, 62],\n",
       " [216, 62, 85],\n",
       " [62, 85, 283],\n",
       " [85, 283, 1406],\n",
       " [283, 1406, 53],\n",
       " [3, 95, 216, 62],\n",
       " [95, 216, 62, 85],\n",
       " [216, 62, 85, 283],\n",
       " [62, 85, 283, 1406],\n",
       " [85, 283, 1406, 53],\n",
       " [3, 95, 216, 62, 85],\n",
       " [95, 216, 62, 85, 283],\n",
       " [216, 62, 85, 283, 1406],\n",
       " [62, 85, 283, 1406, 53],\n",
       " [3, 95, 216, 62, 85, 283],\n",
       " [95, 216, 62, 85, 283, 1406],\n",
       " [216, 62, 85, 283, 1406, 53],\n",
       " [3, 95, 216, 62, 85, 283, 1406],\n",
       " [95, 216, 62, 85, 283, 1406, 53],\n",
       " [3, 95, 216, 62, 85, 283, 1406, 53],\n",
       " [86],\n",
       " [146],\n",
       " [23],\n",
       " [1407],\n",
       " [236],\n",
       " [1],\n",
       " [1408],\n",
       " [96],\n",
       " [86, 146],\n",
       " [146, 23],\n",
       " [23, 1407],\n",
       " [1407, 236],\n",
       " [236, 1],\n",
       " [1, 1408],\n",
       " [1408, 96],\n",
       " [86, 146, 23],\n",
       " [146, 23, 1407],\n",
       " [23, 1407, 236],\n",
       " [1407, 236, 1],\n",
       " [236, 1, 1408],\n",
       " [1, 1408, 96],\n",
       " [86, 146, 23, 1407],\n",
       " [146, 23, 1407, 236],\n",
       " [23, 1407, 236, 1],\n",
       " [1407, 236, 1, 1408],\n",
       " [236, 1, 1408, 96],\n",
       " [86, 146, 23, 1407, 236],\n",
       " [146, 23, 1407, 236, 1],\n",
       " [23, 1407, 236, 1, 1408],\n",
       " [1407, 236, 1, 1408, 96],\n",
       " [86, 146, 23, 1407, 236, 1],\n",
       " [146, 23, 1407, 236, 1, 1408],\n",
       " [23, 1407, 236, 1, 1408, 96],\n",
       " [86, 146, 23, 1407, 236, 1, 1408],\n",
       " [146, 23, 1407, 236, 1, 1408, 96],\n",
       " [86, 146, 23, 1407, 236, 1, 1408, 96],\n",
       " [71],\n",
       " [137],\n",
       " [43],\n",
       " [96],\n",
       " [1409],\n",
       " [9],\n",
       " [135],\n",
       " [187],\n",
       " [71, 137],\n",
       " [137, 43],\n",
       " [43, 96],\n",
       " [96, 1409],\n",
       " [1409, 9],\n",
       " [9, 135],\n",
       " [135, 187],\n",
       " [71, 137, 43],\n",
       " [137, 43, 96],\n",
       " [43, 96, 1409],\n",
       " [96, 1409, 9],\n",
       " [1409, 9, 135],\n",
       " [9, 135, 187],\n",
       " [71, 137, 43, 96],\n",
       " [137, 43, 96, 1409],\n",
       " [43, 96, 1409, 9],\n",
       " [96, 1409, 9, 135],\n",
       " [1409, 9, 135, 187],\n",
       " [71, 137, 43, 96, 1409],\n",
       " [137, 43, 96, 1409, 9],\n",
       " [43, 96, 1409, 9, 135],\n",
       " [96, 1409, 9, 135, 187],\n",
       " [71, 137, 43, 96, 1409, 9],\n",
       " [137, 43, 96, 1409, 9, 135],\n",
       " [43, 96, 1409, 9, 135, 187],\n",
       " [71, 137, 43, 96, 1409, 9, 135],\n",
       " [137, 43, 96, 1409, 9, 135, 187],\n",
       " [71, 137, 43, 96, 1409, 9, 135, 187],\n",
       " [42],\n",
       " [10],\n",
       " [1410],\n",
       " [642],\n",
       " [894],\n",
       " [69],\n",
       " [284],\n",
       " [4],\n",
       " [44],\n",
       " [42, 10],\n",
       " [10, 1410],\n",
       " [1410, 642],\n",
       " [642, 894],\n",
       " [894, 69],\n",
       " [69, 284],\n",
       " [284, 4],\n",
       " [4, 44],\n",
       " [42, 10, 1410],\n",
       " [10, 1410, 642],\n",
       " [1410, 642, 894],\n",
       " [642, 894, 69],\n",
       " [894, 69, 284],\n",
       " [69, 284, 4],\n",
       " [284, 4, 44],\n",
       " [42, 10, 1410, 642],\n",
       " [10, 1410, 642, 894],\n",
       " [1410, 642, 894, 69],\n",
       " [642, 894, 69, 284],\n",
       " [894, 69, 284, 4],\n",
       " [69, 284, 4, 44],\n",
       " [42, 10, 1410, 642, 894],\n",
       " [10, 1410, 642, 894, 69],\n",
       " [1410, 642, 894, 69, 284],\n",
       " [642, 894, 69, 284, 4],\n",
       " [894, 69, 284, 4, 44],\n",
       " [42, 10, 1410, 642, 894, 69],\n",
       " [10, 1410, 642, 894, 69, 284],\n",
       " [1410, 642, 894, 69, 284, 4],\n",
       " [642, 894, 69, 284, 4, 44],\n",
       " [42, 10, 1410, 642, 894, 69, 284],\n",
       " [10, 1410, 642, 894, 69, 284, 4],\n",
       " [1410, 642, 894, 69, 284, 4, 44],\n",
       " [42, 10, 1410, 642, 894, 69, 284, 4],\n",
       " [10, 1410, 642, 894, 69, 284, 4, 44],\n",
       " [42, 10, 1410, 642, 894, 69, 284, 4, 44],\n",
       " [46],\n",
       " [520],\n",
       " [5],\n",
       " [521],\n",
       " [1],\n",
       " [65],\n",
       " [5],\n",
       " [112],\n",
       " [317],\n",
       " [147],\n",
       " [46, 520],\n",
       " [520, 5],\n",
       " [5, 521],\n",
       " [521, 1],\n",
       " [1, 65],\n",
       " [65, 5],\n",
       " [5, 112],\n",
       " [112, 317],\n",
       " [317, 147],\n",
       " [46, 520, 5],\n",
       " [520, 5, 521],\n",
       " [5, 521, 1],\n",
       " [521, 1, 65],\n",
       " [1, 65, 5],\n",
       " [65, 5, 112],\n",
       " [5, 112, 317],\n",
       " [112, 317, 147],\n",
       " [46, 520, 5, 521],\n",
       " [520, 5, 521, 1],\n",
       " [5, 521, 1, 65],\n",
       " [521, 1, 65, 5],\n",
       " [1, 65, 5, 112],\n",
       " [65, 5, 112, 317],\n",
       " [5, 112, 317, 147],\n",
       " [46, 520, 5, 521, 1],\n",
       " [520, 5, 521, 1, 65],\n",
       " [5, 521, 1, 65, 5],\n",
       " [521, 1, 65, 5, 112],\n",
       " [1, 65, 5, 112, 317],\n",
       " [65, 5, 112, 317, 147],\n",
       " [46, 520, 5, 521, 1, 65],\n",
       " [520, 5, 521, 1, 65, 5],\n",
       " [5, 521, 1, 65, 5, 112],\n",
       " [521, 1, 65, 5, 112, 317],\n",
       " [1, 65, 5, 112, 317, 147],\n",
       " [46, 520, 5, 521, 1, 65, 5],\n",
       " [520, 5, 521, 1, 65, 5, 112],\n",
       " [5, 521, 1, 65, 5, 112, 317],\n",
       " [521, 1, 65, 5, 112, 317, 147],\n",
       " [46, 520, 5, 521, 1, 65, 5, 112],\n",
       " [520, 5, 521, 1, 65, 5, 112, 317],\n",
       " [5, 521, 1, 65, 5, 112, 317, 147],\n",
       " [46, 520, 5, 521, 1, 65, 5, 112, 317],\n",
       " [520, 5, 521, 1, 65, 5, 112, 317, 147],\n",
       " [46, 520, 5, 521, 1, 65, 5, 112, 317, 147],\n",
       " [1411],\n",
       " [25],\n",
       " [51],\n",
       " [30],\n",
       " [1412],\n",
       " [62],\n",
       " [1411, 25],\n",
       " [25, 51],\n",
       " [51, 30],\n",
       " [30, 1412],\n",
       " [1412, 62],\n",
       " [1411, 25, 51],\n",
       " [25, 51, 30],\n",
       " [51, 30, 1412],\n",
       " [30, 1412, 62],\n",
       " [1411, 25, 51, 30],\n",
       " [25, 51, 30, 1412],\n",
       " [51, 30, 1412, 62],\n",
       " [1411, 25, 51, 30, 1412],\n",
       " [25, 51, 30, 1412, 62],\n",
       " [1411, 25, 51, 30, 1412, 62],\n",
       " [29],\n",
       " [86],\n",
       " [3],\n",
       " [21],\n",
       " [99],\n",
       " [128],\n",
       " [27],\n",
       " [10],\n",
       " [54],\n",
       " [112],\n",
       " [29, 86],\n",
       " [86, 3],\n",
       " [3, 21],\n",
       " [21, 99],\n",
       " ...]"
      ]
     },
     "execution_count": 9,
     "metadata": {},
     "output_type": "execute_result"
    }
   ],
   "source": [
    "input_sequences = input_sequences_2\n",
    "input_sequences"
   ]
  },
  {
   "cell_type": "markdown",
   "metadata": {},
   "source": [
    "Calculate the length of the longest sequence in input_sequences. Assign the result to a variable called max_sequence_len.\n",
    "\n",
    "Now pad the sequences using pad_sequences(input_sequences, maxlen=max_sequence_len, padding='pre').\n",
    "Convert it to a numpy array and assign the result back to our variable called input_sequences."
   ]
  },
  {
   "cell_type": "code",
   "execution_count": 10,
   "metadata": {},
   "outputs": [],
   "source": [
    "# Your code here :\n",
    "max_sequence_len = max(len(seq) for seq in input_sequences)\n",
    "input_sequences = np.array(pad_sequences(input_sequences, maxlen=max_sequence_len, padding='pre'))"
   ]
  },
  {
   "cell_type": "code",
   "execution_count": 11,
   "metadata": {},
   "outputs": [
    {
     "data": {
      "text/plain": [
       "array([[   0,    0,    0, ...,    0,    0,  878],\n",
       "       [   0,    0,    0, ...,    0,    0,    3],\n",
       "       [   0,    0,    0, ...,    0,    0,    2],\n",
       "       ...,\n",
       "       [   0,    0,    0, ...,  493, 3374,   14],\n",
       "       [   0,    0,    0, ..., 3374,   14,   15],\n",
       "       [   0,    0,    0, ..., 3374,   14,   15]], dtype=int32)"
      ]
     },
     "execution_count": 11,
     "metadata": {},
     "output_type": "execute_result"
    }
   ],
   "source": [
    "input_sequences"
   ]
  },
  {
   "cell_type": "markdown",
   "metadata": {},
   "source": [
    "Prepare Predictors and Labels\n",
    "\n",
    "Split the sequences into two parts:\n",
    "\n",
    "- Predictors: All elements from input_sequences except the last one.\n",
    "- Labels: The last element of each sequence in input_sequences."
   ]
  },
  {
   "cell_type": "code",
   "execution_count": 12,
   "metadata": {
    "id": "PRnDnCW-Z7qv",
    "tags": []
   },
   "outputs": [],
   "source": [
    "X = []\n",
    "y = []\n",
    "\n",
    "for sequence in input_sequences:\n",
    "    # Predictors are all elements except the last one\n",
    "    X.append(sequence[:-1])\n",
    "    \n",
    "    # Label is the last element of the sequence\n",
    "    y.append(sequence[-1])\n",
    "\n",
    "# Convert X and y to numpy arrays for compatibility with Keras\n",
    "X = np.array(X)\n",
    "y = np.array(y)\n"
   ]
  },
  {
   "cell_type": "markdown",
   "metadata": {},
   "source": [
    "One-Hot Encode the Labels :\n",
    "\n",
    "Convert the labels (which are integers) into one-hot encoded vectors. \n",
    "\n",
    "Ensure the length of these vectors matches the total number of unique words in your vocabulary.\n",
    "\n",
    "Use ku.to_categorical() on labels with num_classes = total_words\n",
    "\n",
    "Assign the result back to our variable labels."
   ]
  },
  {
   "cell_type": "code",
   "execution_count": 25,
   "metadata": {},
   "outputs": [],
   "source": [
    "# Your code here :\n",
    "y = ku.to_categorical(y,num_classes = total_words)"
   ]
  },
  {
   "cell_type": "code",
   "execution_count": null,
   "metadata": {},
   "outputs": [],
   "source": []
  },
  {
   "cell_type": "markdown",
   "metadata": {},
   "source": [
    "# Initialize the Model\n",
    "\n",
    "Start by creating a Sequential model.\n",
    "\n",
    "Add Layers to the Model:\n",
    "\n",
    "Embedding Layer: The first layer is an embedding layer. It converts word indices into dense vectors of fixed size (100 in this case). Set the input length to the maximum sequence length minus one, which corresponds to the number of previous words the model will consider when predicting the next word.\n",
    "\n",
    "Bidirectional LSTM Layer: Add a Bidirectional LSTM layer with 150 units. This layer allows the model to learn context from both directions (past and future) in the sequence. return_sequences=True\n",
    "\n",
    "Dropout Layer: Add a dropout layer with a rate of 0.2 to prevent overfitting by randomly setting 20% of the input units to 0 during training.\n",
    "\n",
    "LSTM Layer: Add a second LSTM layer with 100 units. This layer processes the sequence and passes its output to the next layer.\n",
    "\n",
